36 36 
1 1.5 1.2 2 3 2 1 1 3 4 3 3 2 2.5 1.5 2 2 3 2 2 3 2 3 3 1 2.5 2 3.5 2 1.5 2 3 3.5 2 2.5 1.5 
4
2 4 5 28
4
3 5 27 29
6
2 4 5 25 26 28
5
2 3 5 28 29
7
6 7 9 15 24 28 27
6
6 7 9 8 10 15
3
7 8 10
3
6 7 9
5
7 8 10 15 33
8
11 25 26 24 15 12 13 17 16
4
11 12 13 15
5
12 13 15 17 33
8
14 16 17 35 31 28 30 37
9
15 7 10 33 13 12 11 24 6
5
16 11 17 14 30
9
17 11 12 13 33 35 31 14 16
3
18 34 20 
4
19 21 34 22
4
18 20 21 34
4
20 21 34 19
3
19 22 23
2
22 23
8
24 26 28 27 6 15 11 25 
5
25 4 26 24 11
5
26 28 24 25 4
6
27 6 24 28 29 3
9
28 29 27 6 24 26 4 2 5
7
29 3 27 28 4 2 5
8
30 16 14 37 31 38 36 34
6
31 38 30 14 17 35
6
33 35 17 13 15 10
7
34 30 36 18 20 21 19
5
35 31 14 17 33
4
36 34 30 38
5
37 14 31 38 30
4
38 36 30 31
